bootv2:10000.000000:3:0:1234

bood:0.000000:0:2:1234

abcd:0.000000:0:3:1234

mrwinnaar:99.960000:0:4:1234

jobseh:99.980000:0:5:1234

